55.012005 82.946789 0
55.012005 82.94695499999999 0
55.012005 82.94712099999998 0
55.012005 82.94728699999997 0
55.012005 82.94745299999997 0
55.012005 82.94761899999996 0
55.012005 82.94778499999995 0
55.012005 82.94795099999995 5 
55.012005 82.94811699999994 5 
55.012005 82.94828299999993 0
55.012005 82.94844899999993 0
55.012005 82.94861499999992 0
55.012005 82.94878099999991 0
55.012005 82.9489469999999 5 
55.012005 82.9491129999999 5 
55.012005 82.94927899999989 0
55.012005 82.94944499999988 0
55.012005 82.94961099999988 0
55.012005 82.94977699999987 0
55.012005 82.94994299999986 0
55.012005 82.95010899999986 0
55.012005 82.95027499999985 0
55.012005 82.95044099999984 9 
55.012005 82.95060699999983 9 
55.012005 82.95077299999983 0
55.012005 82.95093899999982 0
55.012005 82.95110499999981 0
55.012005 82.9512709999998 0
55.012171 82.946789 0
55.012171 82.94695499999999 0
55.012171 82.94712099999998 0
55.012171 82.94728699999997 0
55.012171 82.94745299999997 5 
55.012171 82.94761899999996 5 
55.012171 82.94778499999995 0
55.012171 82.94795099999995 0
55.012171 82.94811699999994 0
55.012171 82.94828299999993 0
55.012171 82.94844899999993 0
55.012171 82.94861499999992 0
55.012171 82.94878099999991 5 
55.012171 82.9489469999999 5 
55.012171 82.9491129999999 0
55.012171 82.94927899999989 0
55.012171 82.94944499999988 0
55.012171 82.94961099999988 0
55.012171 82.94977699999987 0
55.012171 82.94994299999986 0
55.012171 82.95010899999986 0
55.012171 82.95027499999985 0
55.012171 82.95044099999984 0
55.012171 82.95060699999983 0
55.012171 82.95077299999983 0
55.012171 82.95093899999982 12
55.012171 82.95110499999981 0
55.012171 82.9512709999998 0
55.012337 82.946789 0
55.012337 82.94695499999999 0
55.012337 82.94712099999998 5 
55.012337 82.94728699999997 5 
55.012337 82.94745299999997 0
55.012337 82.94761899999996 0
55.012337 82.94778499999995 0
55.012337 82.94795099999995 0
55.012337 82.94811699999994 0
55.012337 82.94828299999993 5 
55.012337 82.94844899999993 5 
55.012337 82.94861499999992 5 
55.012337 82.94878099999991 0
55.012337 82.9489469999999 0
55.012337 82.9491129999999 0
55.012337 82.94927899999989 0
55.012337 82.94944499999988 0
55.012337 82.94961099999988 0
55.012337 82.94977699999987 0
55.012337 82.94994299999986 0
55.012337 82.95010899999986 0
55.012337 82.95027499999985 0
55.012337 82.95044099999984 0
55.012337 82.95060699999983 0
55.012337 82.95077299999983 0
55.012337 82.95093899999982 12
55.012337 82.95110499999981 12
55.012337 82.9512709999998 0
55.012503 82.946789 5 
55.012503 82.94695499999999 5 
55.012503 82.94712099999998 0
55.012503 82.94728699999997 0
55.012503 82.94745299999997 0
55.012503 82.94761899999996 0
55.012503 82.94778499999995 5 
55.012503 82.94795099999995 0
55.012503 82.94811699999994 0
55.012503 82.94828299999993 0
55.012503 82.94844899999993 0
55.012503 82.94861499999992 0
55.012503 82.94878099999991 0
55.012503 82.9489469999999 0
55.012503 82.9491129999999 0
55.012503 82.94927899999989 5 
55.012503 82.94944499999988 5 
55.012503 82.94961099999988 0
55.012503 82.94977699999987 5 
55.012503 82.94994299999986 5 
55.012503 82.95010899999986 0
55.012503 82.95027499999985 0
55.012503 82.95044099999984 0
55.012503 82.95060699999983 0
55.012503 82.95077299999983 0
55.012503 82.95093899999982 0
55.012503 82.95110499999981 12
55.012503 82.9512709999998 0
55.012669 82.946789 0
55.012669 82.94695499999999 0
55.012669 82.94712099999998 0
55.012669 82.94728699999997 0
55.012669 82.94745299999997 0
55.012669 82.94761899999996 5 
55.012669 82.94778499999995 5 
55.012669 82.94795099999995 0
55.012669 82.94811699999994 0
55.012669 82.94828299999993 0
55.012669 82.94844899999993 0
55.012669 82.94861499999992 0
55.012669 82.94878099999991 0
55.012669 82.9489469999999 5 
55.012669 82.9491129999999 5 
55.012669 82.94927899999989 5 
55.012669 82.94944499999988 5 
55.012669 82.94961099999988 0
55.012669 82.94977699999987 0
55.012669 82.94994299999986 5 
55.012669 82.95010899999986 5 
55.012669 82.95027499999985 0
55.012669 82.95044099999984 0
55.012669 82.95060699999983 0
55.012669 82.95077299999983 0
55.012669 82.95093899999982 0
55.012669 82.95110499999981 0
55.012669 82.9512709999998 0
55.012835 82.946789 0
55.012835 82.94695499999999 5 
55.012835 82.94712099999998 5 
55.012835 82.94728699999997 5 
55.012835 82.94745299999997 5 
55.012835 82.94761899999996 0
55.012835 82.94778499999995 0
55.012835 82.94795099999995 0
55.012835 82.94811699999994 0
55.012835 82.94828299999993 0
55.012835 82.94844899999993 5 
55.012835 82.94861499999992 5 
55.012835 82.94878099999991 5 
55.012835 82.9489469999999 0
55.012835 82.9491129999999 0
55.012835 82.94927899999989 0
55.012835 82.94944499999988 1 
55.012835 82.94961099999988 0
55.012835 82.94977699999987 0
55.012835 82.94994299999986 0
55.012835 82.95010899999986 0
55.012835 82.95027499999985 5 
55.012835 82.95044099999984 0
55.012835 82.95060699999983 0
55.012835 82.95077299999983 0
55.012835 82.95093899999982 0
55.012835 82.95110499999981 0
55.012835 82.9512709999998 0
55.013001 82.946789 0
55.013001 82.94695499999999 0
55.013001 82.94712099999998 0
55.013001 82.94728699999997 0
55.013001 82.94745299999997 0
55.013001 82.94761899999996 0
55.013001 82.94778499999995 0
55.013001 82.94795099999995 0
55.013001 82.94811699999994 1 
55.013001 82.94828299999993 0
55.013001 82.94844899999993 0
55.013001 82.94861499999992 5 
55.013001 82.94878099999991 5 
55.013001 82.9489469999999 0
55.013001 82.9491129999999 0
55.013001 82.94927899999989 0
55.013001 82.94944499999988 0
55.013001 82.94961099999988 0
55.013001 82.94977699999987 0
55.013001 82.94994299999986 0
55.013001 82.95010899999986 0
55.013001 82.95027499999985 0
55.013001 82.95044099999984 5 
55.013001 82.95060699999983 5 
55.013001 82.95077299999983 0
55.013001 82.95093899999982 0
55.013001 82.95110499999981 0
55.013001 82.9512709999998 0
55.013167 82.946789 0
55.013167 82.94695499999999 0
55.013167 82.94712099999998 0
55.013167 82.94728699999997 0
55.013167 82.94745299999997 0
55.013167 82.94761899999996 0
55.013167 82.94778499999995 5 
55.013167 82.94795099999995 5 
55.013167 82.94811699999994 0
55.013167 82.94828299999993 0
55.013167 82.94844899999993 0
55.013167 82.94861499999992 0
55.013167 82.94878099999991 1 
55.013167 82.9489469999999 1 
55.013167 82.9491129999999 1 
55.013167 82.94927899999989 1 
55.013167 82.94944499999988 0
55.013167 82.94961099999988 0
55.013167 82.94977699999987 0
55.013167 82.94994299999986 0
55.013167 82.95010899999986 0
55.013167 82.95027499999985 0
55.013167 82.95044099999984 0
55.013167 82.95060699999983 5 
55.013167 82.95077299999983 5 
55.013167 82.95093899999982 0
55.013167 82.95110499999981 0
55.013167 82.9512709999998 0
55.013333 82.946789 0
55.013333 82.94695499999999 0
55.013333 82.94712099999998 0
55.013333 82.94728699999997 0
55.013333 82.94745299999997 0
55.013333 82.94761899999996 5 
55.013333 82.94778499999995 0
55.013333 82.94795099999995 5 
55.013333 82.94811699999994 5 
55.013333 82.94828299999993 0
55.013333 82.94844899999993 0
55.013333 82.94861499999992 0
55.013333 82.94878099999991 0
55.013333 82.9489469999999 0
55.013333 82.9491129999999 1 
55.013333 82.94927899999989 1 
55.013333 82.94944499999988 1 
55.013333 82.94961099999988 0
55.013333 82.94977699999987 0
55.013333 82.94994299999986 0
55.013333 82.95010899999986 0
55.013333 82.95027499999985 0
55.013333 82.95044099999984 0
55.013333 82.95060699999983 0
55.013333 82.95077299999983 0
55.013333 82.95093899999982 5 
55.013333 82.95110499999981 0
55.013333 82.9512709999998 0
55.013499 82.946789 0
55.013499 82.94695499999999 0
55.013499 82.94712099999998 0
55.013499 82.94728699999997 0
55.013499 82.94745299999997 0
55.013499 82.94761899999996 0
55.013499 82.94778499999995 0
55.013499 82.94795099999995 0
55.013499 82.94811699999994 5 
55.013499 82.94828299999993 5 
55.013499 82.94844899999993 0
55.013499 82.94861499999992 0
55.013499 82.94878099999991 0
55.013499 82.9489469999999 1 
55.013499 82.9491129999999 0
55.013499 82.94927899999989 0
55.013499 82.94944499999988 0
55.013499 82.94961099999988 0
55.013499 82.94977699999987 0
55.013499 82.94994299999986 0
55.013499 82.95010899999986 4 
55.013499 82.95027499999985 0
55.013499 82.95044099999984 0
55.013499 82.95060699999983 0
55.013499 82.95077299999983 0
55.013499 82.95093899999982 0
55.013499 82.95110499999981 5 
55.013499 82.9512709999998 5 
55.013665 82.946789 6 
55.013665 82.94695499999999 6 
55.013665 82.94712099999998 0
55.013665 82.94728699999997 0
55.013665 82.94745299999997 0
55.013665 82.94761899999996 0
55.013665 82.94778499999995 0
55.013665 82.94795099999995 0
55.013665 82.94811699999994 0
55.013665 82.94828299999993 0
55.013665 82.94844899999993 5 
55.013665 82.94861499999992 0
55.013665 82.94878099999991 0
55.013665 82.9489469999999 0
55.013665 82.9491129999999 0
55.013665 82.94927899999989 0
55.013665 82.94944499999988 0
55.013665 82.94961099999988 0
55.013665 82.94977699999987 0
55.013665 82.94994299999986 0
55.013665 82.95010899999986 4 
55.013665 82.95027499999985 4 
55.013665 82.95044099999984 0
55.013665 82.95060699999983 4 
55.013665 82.95077299999983 0
55.013665 82.95093899999982 0
55.013665 82.95110499999981 0
55.013665 82.9512709999998 0
55.013831 82.946789 0
55.013831 82.94695499999999 6 
55.013831 82.94712099999998 6 
55.013831 82.94728699999997 0
55.013831 82.94745299999997 0
55.013831 82.94761899999996 0
55.013831 82.94778499999995 0
55.013831 82.94795099999995 0
55.013831 82.94811699999994 0
55.013831 82.94828299999993 5 
55.013831 82.94844899999993 5 
55.013831 82.94861499999992 5 
55.013831 82.94878099999991 5 
55.013831 82.9489469999999 5 
55.013831 82.9491129999999 0
55.013831 82.94927899999989 0
55.013831 82.94944499999988 4 
55.013831 82.94961099999988 4 
55.013831 82.94977699999987 0
55.013831 82.94994299999986 0
55.013831 82.95010899999986 4 
55.013831 82.95027499999985 4 
55.013831 82.95044099999984 4 
55.013831 82.95060699999983 0
55.013831 82.95077299999983 0
55.013831 82.95093899999982 0
55.013831 82.95110499999981 0
55.013831 82.9512709999998 0
55.013997 82.946789 0
55.013997 82.94695499999999 0
55.013997 82.94712099999998 6 
55.013997 82.94728699999997 6 
55.013997 82.94745299999997 0
55.013997 82.94761899999996 0
55.013997 82.94778499999995 0
55.013997 82.94795099999995 0
55.013997 82.94811699999994 0
55.013997 82.94828299999993 0
55.013997 82.94844899999993 0
55.013997 82.94861499999992 0
55.013997 82.94878099999991 0
55.013997 82.9489469999999 4 
55.013997 82.9491129999999 0
55.013997 82.94927899999989 0
55.013997 82.94944499999988 0
55.013997 82.94961099999988 4 
55.013997 82.94977699999987 4 
55.013997 82.94994299999986 4 
55.013997 82.95010899999986 0
55.013997 82.95027499999985 0
55.013997 82.95044099999984 0
55.013997 82.95060699999983 0
55.013997 82.95077299999983 0
55.013997 82.95093899999982 0
55.013997 82.95110499999981 0
55.013997 82.9512709999998 0
55.014163 82.946789 0
55.014163 82.94695499999999 0
55.014163 82.94712099999998 0
55.014163 82.94728699999997 6 
55.014163 82.94745299999997 6 
55.014163 82.94761899999996 6 
55.014163 82.94778499999995 0
55.014163 82.94795099999995 0
55.014163 82.94811699999994 0
55.014163 82.94828299999993 0
55.014163 82.94844899999993 0
55.014163 82.94861499999992 0
55.014163 82.94878099999991 0
55.014163 82.9489469999999 4 
55.014163 82.9491129999999 4 
55.014163 82.94927899999989 0
55.014163 82.94944499999988 4 
55.014163 82.94961099999988 0
55.014163 82.94977699999987 0
55.014163 82.94994299999986 0
55.014163 82.95010899999986 0
55.014163 82.95027499999985 0
55.014163 82.95044099999984 0
55.014163 82.95060699999983 0
55.014163 82.95077299999983 0
55.014163 82.95093899999982 0
55.014163 82.95110499999981 1 
55.014163 82.9512709999998 0
55.014329000000004 82.946789 6 
55.014329000000004 82.94695499999999 6 
55.014329000000004 82.94712099999998 6 
55.014329000000004 82.94728699999997 0
55.014329000000004 82.94745299999997 0
55.014329000000004 82.94761899999996 6 
55.014329000000004 82.94778499999995 1 
55.014329000000004 82.94795099999995 0
55.014329000000004 82.94811699999994 0
55.014329000000004 82.94828299999993 0
55.014329000000004 82.94844899999993 0
55.014329000000004 82.94861499999992 0
55.014329000000004 82.94878099999991 0
55.014329000000004 82.9489469999999 4 
55.014329000000004 82.9491129999999 4 
55.014329000000004 82.94927899999989 4 
55.014329000000004 82.94944499999988 0
55.014329000000004 82.94961099999988 0
55.014329000000004 82.94977699999987 0
55.014329000000004 82.94994299999986 0
55.014329000000004 82.95010899999986 0
55.014329000000004 82.95027499999985 0
55.014329000000004 82.95044099999984 0
55.014329000000004 82.95060699999983 0
55.014329000000004 82.95077299999983 2 
55.014329000000004 82.95093899999982 0
55.014329000000004 82.95110499999981 0
55.014329000000004 82.9512709999998 4 
