55.009069999999994 82.933401 106 м
55.009069999999994 82.93440100000001 110 м
55.009069999999994 82.93540100000001 113 м
55.009069999999994 82.93640100000002 116 м
55.009069999999994 82.93740100000002 121 м
55.009069999999994 82.93840100000003 123 м
55.009069999999994 82.93940100000003 123 м
55.009069999999994 82.94040100000004 123 м
55.009069999999994 82.94140100000004 126 м
55.009069999999994 82.94240100000005 132 м
55.009069999999994 82.94340100000005 138 м
55.009069999999994 82.94440100000006 140 м
55.009069999999994 82.94540100000006 142 м
55.009069999999994 82.94640100000007 143 м
55.009069999999994 82.94740100000007 144 м
55.009069999999994 82.94840100000008 145 м
55.009069999999994 82.94940100000008 146 м
55.009069999999994 82.95040100000008 148 м
55.009069999999994 82.95140100000009 151 м
55.009069999999994 82.9524010000001 153 м
55.009069999999994 82.9534010000001 155 м
55.009069999999994 82.9544010000001 157 м
55.009069999999994 82.95540100000011 157 м
55.009069999999994 82.95640100000011 155 м
55.009069999999994 82.95740100000012 153 м
55.009069999999994 82.95840100000012 156 м
55.009069999999994 82.95940100000013 158 м
55.009069999999994 82.96040100000013 157 м
55.01006999999999 82.933401 114 м
55.01006999999999 82.93440100000001 118 м
55.01006999999999 82.93540100000001 122 м
55.01006999999999 82.93640100000002 123 м
55.01006999999999 82.93740100000002 123 м
55.01006999999999 82.93840100000003 125 м
55.01006999999999 82.93940100000003 127 м
55.01006999999999 82.94040100000004 131 м
55.01006999999999 82.94140100000004 134 м
55.01006999999999 82.94240100000005 136 м
55.01006999999999 82.94340100000005 142 м
55.01006999999999 82.94440100000006 143 м
55.01006999999999 82.94540100000006 144 м
55.01006999999999 82.94640100000007 146 м
55.01006999999999 82.94740100000007 146 м
55.01006999999999 82.94840100000008 147 м
55.01006999999999 82.94940100000008 148 м
55.01006999999999 82.95040100000008 150 м
55.01006999999999 82.95140100000009 152 м
55.01006999999999 82.9524010000001 156 м
55.01006999999999 82.9534010000001 161 м
55.01006999999999 82.9544010000001 163 м
55.01006999999999 82.95540100000011 161 м
55.01006999999999 82.95640100000011 161 м
55.01006999999999 82.95740100000012 159 м
55.01006999999999 82.95840100000012 160 м
55.01006999999999 82.95940100000013 159 м
55.01006999999999 82.96040100000013 159 м
55.01106999999999 82.933401 118 м
55.01106999999999 82.93440100000001 121 м
55.01106999999999 82.93540100000001 123 м
55.01106999999999 82.93640100000002 125 м
55.01106999999999 82.93740100000002 128 м
55.01106999999999 82.93840100000003 133 м
55.01106999999999 82.93940100000003 135 м
55.01106999999999 82.94040100000004 137 м
55.01106999999999 82.94140100000004 141 м
55.01106999999999 82.94240100000005 144 м
55.01106999999999 82.94340100000005 146 м
55.01106999999999 82.94440100000006 149 м
55.01106999999999 82.94540100000006 149 м
55.01106999999999 82.94640100000007 149 м
55.01106999999999 82.94740100000007 150 м
55.01106999999999 82.94840100000008 152 м
55.01106999999999 82.94940100000008 153 м
55.01106999999999 82.95040100000008 152 м
55.01106999999999 82.95140100000009 153 м
55.01106999999999 82.9524010000001 157 м
55.01106999999999 82.9534010000001 162 м
55.01106999999999 82.9544010000001 163 м
55.01106999999999 82.95540100000011 163 м
55.01106999999999 82.95640100000011 162 м
55.01106999999999 82.95740100000012 160 м
55.01106999999999 82.95840100000012 160 м
55.01106999999999 82.95940100000013 160 м
55.01106999999999 82.96040100000013 162 м
55.01206999999999 82.933401 123 м
55.01206999999999 82.93440100000001 124 м
55.01206999999999 82.93540100000001 128 м
55.01206999999999 82.93640100000002 132 м
55.01206999999999 82.93740100000002 135 м
55.01206999999999 82.93840100000003 138 м
55.01206999999999 82.93940100000003 139 м
55.01206999999999 82.94040100000004 144 м
55.01206999999999 82.94140100000004 146 м
55.01206999999999 82.94240100000005 144 м
55.01206999999999 82.94340100000005 145 м
55.01206999999999 82.94440100000006 149 м
55.01206999999999 82.94540100000006 152 м
55.01206999999999 82.94640100000007 153 м
55.01206999999999 82.94740100000007 156 м
55.01206999999999 82.94840100000008 158 м
55.01206999999999 82.94940100000008 158 м
55.01206999999999 82.95040100000008 156 м
55.01206999999999 82.95140100000009 156 м
55.01206999999999 82.9524010000001 159 м
55.01206999999999 82.9534010000001 163 м
55.01206999999999 82.9544010000001 164 м
55.01206999999999 82.95540100000011 162 м
55.01206999999999 82.95640100000011 161 м
55.01206999999999 82.95740100000012 161 м
55.01206999999999 82.95840100000012 162 м
55.01206999999999 82.95940100000013 162 м
55.01206999999999 82.96040100000013 166 м
55.013069999999985 82.933401 127 м
55.013069999999985 82.93440100000001 130 м
55.013069999999985 82.93540100000001 134 м
55.013069999999985 82.93640100000002 139 м
55.013069999999985 82.93740100000002 141 м
55.013069999999985 82.93840100000003 142 м
55.013069999999985 82.93940100000003 ?
55.013069999999985 82.94040100000004 145 м
55.013069999999985 82.94140100000004 147 м
55.013069999999985 82.94240100000005 ?
55.013069999999985 82.94340100000005 149 м
55.013069999999985 82.94440100000006 ?
55.013069999999985 82.94540100000006 152 м
55.013069999999985 82.94640100000007 ?
55.013069999999985 82.94740100000007 ?
55.013069999999985 82.94840100000008 160 м
55.013069999999985 82.94940100000008 ?
55.013069999999985 82.95040100000008 160 м
55.013069999999985 82.95140100000009 ?
55.013069999999985 82.9524010000001 160 м
55.013069999999985 82.9534010000001 163 м
55.013069999999985 82.9544010000001 ?
55.013069999999985 82.95540100000011 ?
55.013069999999985 82.95640100000011 164 м
55.013069999999985 82.95740100000012 ?
55.013069999999985 82.95840100000012 165 м
55.013069999999985 82.95940100000013 ?
55.013069999999985 82.96040100000013 167 м
55.01406999999998 82.933401 ?
55.01406999999998 82.93440100000001 134 м
55.01406999999998 82.93540100000001 136 м
55.01406999999998 82.93640100000002 ?
55.01406999999998 82.93740100000002 140 м
55.01406999999998 82.93840100000003 142 м
55.01406999999998 82.93940100000003 ?
55.01406999999998 82.94040100000004 148 м
55.01406999999998 82.94140100000004 148 м
55.01406999999998 82.94240100000005 ?
55.01406999999998 82.94340100000005 150 м
55.01406999999998 82.94440100000006 ?
55.01406999999998 82.94540100000006 ?
55.01406999999998 82.94640100000007 ?
55.01406999999998 82.94740100000007 160 м
55.01406999999998 82.94840100000008 160 м
55.01406999999998 82.94940100000008 ?
55.01406999999998 82.95040100000008 162 м
55.01406999999998 82.95140100000009 161 м
55.01406999999998 82.9524010000001 162 м
55.01406999999998 82.9534010000001 ?
55.01406999999998 82.9544010000001 168 м
55.01406999999998 82.95540100000011 ?
55.01406999999998 82.95640100000011 169 м
55.01406999999998 82.95740100000012 ?
55.01406999999998 82.95840100000012 170 м
55.01406999999998 82.95940100000013 ?
55.01406999999998 82.96040100000013 168 м
55.01506999999998 82.933401 129 м
55.01506999999998 82.93440100000001 ?
55.01506999999998 82.93540100000001 137 м
55.01506999999998 82.93640100000002 ?
55.01506999999998 82.93740100000002 141 м
55.01506999999998 82.93840100000003 ?
55.01506999999998 82.93940100000003 146 м
55.01506999999998 82.94040100000004 ?
55.01506999999998 82.94140100000004 149 м
55.01506999999998 82.94240100000005 ?
55.01506999999998 82.94340100000005 152 м
55.01506999999998 82.94440100000006 156 м
55.01506999999998 82.94540100000006 ?
55.01506999999998 82.94640100000007 ?
55.01506999999998 82.94740100000007 159 м
55.01506999999998 82.94840100000008 ?
55.01506999999998 82.94940100000008 161 м
55.01506999999998 82.95040100000008 165 м
55.01506999999998 82.95140100000009 ?
55.01506999999998 82.9524010000001 165 м
55.01506999999998 82.9534010000001 164 м
55.01506999999998 82.9544010000001 ?
55.01506999999998 82.95540100000011 170 м
55.01506999999998 82.95640100000011 172 м
55.01506999999998 82.95740100000012 ?
55.01506999999998 82.95840100000012 172 м
55.01506999999998 82.95940100000013 173 м
55.01506999999998 82.96040100000013 ?
55.01606999999998 82.933401 125 м
55.01606999999998 82.93440100000001 ?
55.01606999999998 82.93540100000001 137 м
55.01606999999998 82.93640100000002 139 м
55.01606999999998 82.93740100000002 ?
55.01606999999998 82.93840100000003 ?
55.01606999999998 82.93940100000003 145 м
55.01606999999998 82.94040100000004 ?
55.01606999999998 82.94140100000004 151 м
55.01606999999998 82.94240100000005 ?
55.01606999999998 82.94340100000005 156 м
55.01606999999998 82.94440100000006 ?
55.01606999999998 82.94540100000006 156 м
55.01606999999998 82.94640100000007 ?
55.01606999999998 82.94740100000007 158 м
55.01606999999998 82.94840100000008 ?
55.01606999999998 82.94940100000008 161 м
55.01606999999998 82.95040100000008 ?
55.01606999999998 82.95140100000009 166 м
55.01606999999998 82.9524010000001 ?
55.01606999999998 82.9534010000001 166 м
55.01606999999998 82.9544010000001 ?
55.01606999999998 82.95540100000011 170 м
55.01606999999998 82.95640100000011 174 м
55.01606999999998 82.95740100000012 ?
55.01606999999998 82.95840100000012 ?
55.01606999999998 82.95940100000013 175 м
55.01606999999998 82.96040100000013 ?
55.017069999999975 82.933401 120 м
55.017069999999975 82.93440100000001 ?
55.017069999999975 82.93540100000001 ?
55.017069999999975 82.93640100000002 139 м
55.017069999999975 82.93740100000002 ?
55.017069999999975 82.93840100000003 144 м
55.017069999999975 82.93940100000003 147 м
55.017069999999975 82.94040100000004 149 м
55.017069999999975 82.94140100000004 ?
55.017069999999975 82.94240100000005 153 м
55.017069999999975 82.94340100000005 ?
55.017069999999975 82.94440100000006 155 м
55.017069999999975 82.94540100000006 ?
55.017069999999975 82.94640100000007 ?
55.017069999999975 82.94740100000007 160 м
55.017069999999975 82.94840100000008 ?
55.017069999999975 82.94940100000008 163 м
55.017069999999975 82.95040100000008 ?
55.017069999999975 82.95140100000009 167 м
55.017069999999975 82.9524010000001 ?
55.017069999999975 82.9534010000001 166 м
55.017069999999975 82.9544010000001 167 м
55.017069999999975 82.95540100000011 169 м
55.017069999999975 82.95640100000011 ?
55.017069999999975 82.95740100000012 174 м
55.017069999999975 82.95840100000012 175 м
55.017069999999975 82.95940100000013 ?
55.017069999999975 82.96040100000013 176 м
55.01806999999997 82.933401 120 м
55.01806999999997 82.93440100000001 ?
55.01806999999997 82.93540100000001 136 м
55.01806999999997 82.93640100000002 ?
55.01806999999997 82.93740100000002 146 м
55.01806999999997 82.93840100000003 147 м
55.01806999999997 82.93940100000003 ?
55.01806999999997 82.94040100000004 148 м
55.01806999999997 82.94140100000004 ?
55.01806999999997 82.94240100000005 ?
55.01806999999997 82.94340100000005 155 м
55.01806999999997 82.94440100000006 155 м
55.01806999999997 82.94540100000006 ?
55.01806999999997 82.94640100000007 159 м
55.01806999999997 82.94740100000007 ?
55.01806999999997 82.94840100000008 ?
55.01806999999997 82.94940100000008 163 м
55.01806999999997 82.95040100000008 ?
55.01806999999997 82.95140100000009 168 м
55.01806999999997 82.9524010000001 167 м
55.01806999999997 82.9534010000001 ?
55.01806999999997 82.9544010000001 168 м
55.01806999999997 82.95540100000011 ?
55.01806999999997 82.95640100000011 172 м
55.01806999999997 82.95740100000012 174 м
55.01806999999997 82.95840100000012 ?
55.01806999999997 82.95940100000013 175 м
55.01806999999997 82.96040100000013 ?
