54.917041 82.647872 127 м
54.917041 82.64887200000001 128 м
54.917041 82.64987200000002 128 м
54.917041 82.65087200000002 128 м
54.917041 82.65187200000003 127 м
54.917041 82.65287200000003 127 м
54.917041 82.65387200000004 126 м
54.917041 82.65487200000004 126 м
54.917041 82.65587200000004 125 м
54.917041 82.65687200000005 124 м
54.917041 82.65787200000005 124 м
54.917041 82.65887200000006 124 м
54.917041 82.65987200000006 122 м
54.917041 82.66087200000007 120 м
54.917041 82.66187200000007 119 м
54.917041 82.66287200000008 120 м
54.917041 82.66387200000008 119 м
54.917041 82.66487200000009 120 м
54.917041 82.66587200000009 120 м
54.917041 82.6668720000001 120 м
54.917041 82.6678720000001 121 м
54.917041 82.6688720000001 121 м
54.917041 82.66987200000011 120 м
54.917041 82.67087200000012 121 м
54.917041 82.67187200000012 121 м
54.917041 82.67287200000013 120 м
54.917041 82.67387200000013 120 м
54.917041 82.67487200000014 121 м
54.917041 82.67587200000014 121 м
54.917041 82.67687200000015 120 м
54.917041 82.67787200000015 120 м
54.917041 82.67887200000015 120 м
54.917041 82.67987200000016 120 м
54.917041 82.68087200000016 121 м
54.917041 82.68187200000017 120 м
54.917041 82.68287200000017 119 м
54.917041 82.68387200000018 121 м
54.917041 82.68487200000018 123 м
54.917041 82.68587200000019 122 м
54.917041 82.68687200000019 121 м
54.917041 82.6878720000002 120 м
54.917041 82.6888720000002 120 м
54.917041 82.68987200000021 119 м
54.917041 82.69087200000021 118 м
54.917041 82.69187200000022 118 м
54.917041 82.69287200000022 118 м
54.917041 82.69387200000023 117 м
54.917041 82.69487200000023 118 м
54.917041 82.69587200000024 117 м
54.917041 82.69687200000024 117 м
54.917041 82.69787200000025 117 м
54.917041 82.69887200000025 117 м
54.917041 82.69987200000025 117 м
54.917041 82.70087200000026 120 м
54.917041 82.70187200000026 119 м
