55.009069999999994 82.933401 0
55.009069999999994 82.93341666793407 0
55.009069999999994 82.93343233586813 0
55.009069999999994 82.9334480038022 0
55.009069999999994 82.93346367173626 0
55.009069999999994 82.93347933967033 0
55.009069999999994 82.93349500760439 0
55.009069999999994 82.93351067553846 0
55.009069999999994 82.93352634347252 0
55.009069999999994 82.93354201140659 0
55.009069999999994 82.93355767934065 0
55.009069999999994 82.93357334727472 0
55.009069999999994 82.93358901520878 0
55.009069999999994 82.93360468314285 0
55.009069999999994 82.93362035107691 0
55.009069999999994 82.93363601901098 0
55.009069999999994 82.93365168694504 0
55.009069999999994 82.9336673548791 0
55.009069999999994 82.93368302281317 0
55.009069999999994 82.93369869074724 0
55.009069999999994 82.9337143586813 0
55.009069999999994 82.93373002661536 0
55.009069999999994 82.93374569454943 0
55.009069999999994 82.9337613624835 0
55.009069999999994 82.93377703041756 0
55.009069999999994 82.93379269835162 0
55.009069999999994 82.93380836628569 0
55.009069999999994 82.93382403421975 0
55.009069999999994 82.93383970215382 0
55.009069999999994 82.93385537008788 0
55.009069999999994 82.93387103802195 0
55.009069999999994 82.93388670595601 0
55.009069999999994 82.93390237389008 0
55.009069999999994 82.93391804182414 0
55.009069999999994 82.93393370975821 0
55.009069999999994 82.93394937769227 0
55.009069999999994 82.93396504562634 0
55.009069999999994 82.9339807135604 0
55.009069999999994 82.93399638149447 0
55.009069999999994 82.93401204942853 0
55.009069999999994 82.9340277173626 0
55.009069999999994 82.93404338529666 0
55.009069999999994 82.93405905323073 0
55.009069999999994 82.93407472116479 0
55.009069999999994 82.93409038909886 0
55.009069999999994 82.93410605703292 0
55.009069999999994 82.93412172496699 0
55.009069999999994 82.93413739290105 0
55.009069999999994 82.93415306083511 0
55.009069999999994 82.93416872876918 0
55.009069999999994 82.93418439670324 0
55.009069999999994 82.93420006463731 0
55.009069999999994 82.93421573257137 0
55.009069999999994 82.93423140050544 0
55.009069999999994 82.9342470684395 0
55.009069999999994 82.93426273637357 0
55.009069999999994 82.93427840430763 0
55.009069999999994 82.9342940722417 0
55.009069999999994 82.93430974017576 0
55.009069999999994 82.93432540810983 0
55.009069999999994 82.93434107604389 0
55.009069999999994 82.93435674397796 0
55.009069999999994 82.93437241191202 0
55.009069999999994 82.93438807984609 0
55.009069999999994 82.93440374778015 0
55.009069999999994 82.93441941571422 0
55.009069999999994 82.93443508364828 0
55.009069999999994 82.93445075158235 0
55.009069999999994 82.93446641951641 0
55.009069999999994 82.93448208745048 0
55.009069999999994 82.93449775538454 0
55.009069999999994 82.9345134233186 0
55.009069999999994 82.93452909125267 0
55.009069999999994 82.93454475918674 0
55.009069999999994 82.9345604271208 0
55.009069999999994 82.93457609505487 0
55.009069999999994 82.93459176298893 0
55.009069999999994 82.934607430923 0
55.009069999999994 82.93462309885706 0
55.009069999999994 82.93463876679112 0
55.009069999999994 82.93465443472519 0
55.009069999999994 82.93467010265925 0
55.009069999999994 82.93468577059332 0
55.009069999999994 82.93470143852738 0
55.009069999999994 82.93471710646145 0
55.009069999999994 82.93473277439551 0
55.009069999999994 82.93474844232958 0
55.009069999999994 82.93476411026364 0
55.009069999999994 82.93477977819771 0
55.009069999999994 82.93479544613177 0
55.009069999999994 82.93481111406584 0
55.009069999999994 82.9348267819999 0
55.009069999999994 82.93484244993397 0
55.009069999999994 82.93485811786803 0
55.009069999999994 82.9348737858021 0
55.009069999999994 82.93488945373616 0
55.009069999999994 82.93490512167023 0
55.009069999999994 82.93492078960429 0
55.009069999999994 82.93493645753836 0
55.009069999999994 82.93495212547242 0
55.009069999999994 82.93496779340649 0
55.009069999999994 82.93498346134055 0
55.009069999999994 82.93499912927462 0
55.009069999999994 82.93501479720868 0
55.009069999999994 82.93503046514275 0
55.009069999999994 82.93504613307681 0
55.009069999999994 82.93506180101087 0
55.009069999999994 82.93507746894494 0
55.009069999999994 82.935093136879 0
55.009069999999994 82.93510880481307 0
55.009069999999994 82.93512447274713 0
55.009069999999994 82.9351401406812 0
55.009069999999994 82.93515580861526 0
55.009069999999994 82.93517147654933 0
55.009069999999994 82.9351871444834 0
55.009069999999994 82.93520281241746 0
55.009069999999994 82.93521848035152 0
55.009069999999994 82.93523414828559 0
55.009069999999994 82.93524981621965 0
55.009069999999994 82.93526548415372 0
55.009069999999994 82.93528115208778 0
55.009069999999994 82.93529682002185 0
55.009069999999994 82.93531248795591 0
55.009069999999994 82.93532815588998 0
55.009069999999994 82.93534382382404 0
55.009069999999994 82.9353594917581 0
55.009069999999994 82.93537515969217 0
55.009069999999994 82.93539082762624 0
55.009069999999994 82.9354064955603 0
55.009069999999994 82.93542216349437 0
55.009069999999994 82.93543783142843 0
55.009069999999994 82.9354534993625 0
55.009069999999994 82.93546916729656 0
55.009069999999994 82.93548483523062 0
55.009069999999994 82.93550050316469 0
55.009069999999994 82.93551617109875 0
55.009069999999994 82.93553183903282 0
55.009069999999994 82.93554750696688 0
55.009069999999994 82.93556317490095 0
55.009069999999994 82.93557884283501 0
55.009069999999994 82.93559451076908 0
55.009069999999994 82.93561017870314 0
55.009069999999994 82.93562584663721 0
55.009069999999994 82.93564151457127 0
55.009069999999994 82.93565718250534 0
55.009069999999994 82.9356728504394 0
55.009069999999994 82.93568851837347 0
55.009069999999994 82.93570418630753 0
55.009069999999994 82.9357198542416 0
55.009069999999994 82.93573552217566 0
55.009069999999994 82.93575119010973 0
55.009069999999994 82.93576685804379 0
55.009069999999994 82.93578252597786 0
55.009069999999994 82.93579819391192 0
55.009069999999994 82.93581386184599 0
55.009069999999994 82.93582952978005 0
55.009069999999994 82.93584519771412 0
55.009069999999994 82.93586086564818 0
55.009069999999994 82.93587653358225 0
55.009069999999994 82.93589220151631 0
55.009069999999994 82.93590786945038 0
55.009069999999994 82.93592353738444 0
55.009069999999994 82.9359392053185 0
55.009069999999994 82.93595487325257 0
55.009069999999994 82.93597054118663 0
55.009069999999994 82.9359862091207 0
55.009069999999994 82.93600187705476 0
55.009069999999994 82.93601754498883 0
55.009069999999994 82.9360332129229 0
55.009069999999994 82.93604888085696 0
55.009069999999994 82.93606454879102 0
55.009069999999994 82.93608021672509 0
55.009069999999994 82.93609588465915 0
55.009069999999994 82.93611155259322 0
55.009069999999994 82.93612722052728 0
55.009069999999994 82.93614288846135 0
55.009069999999994 82.93615855639541 0
55.009069999999994 82.93617422432948 0
55.009069999999994 82.93618989226354 0
55.009069999999994 82.9362055601976 0
55.009069999999994 82.93622122813167 0
55.009069999999994 82.93623689606574 0
55.009069999999994 82.9362525639998 0
55.009069999999994 82.93626823193387 0
55.009069999999994 82.93628389986793 0
55.009069999999994 82.936299567802 0
55.009069999999994 82.93631523573606 0
55.009069999999994 82.93633090367013 0
55.009069999999994 82.93634657160419 0
55.009069999999994 82.93636223953825 0
55.009069999999994 82.93637790747232 0
55.009069999999994 82.93639357540638 0
55.009069999999994 82.93640924334045 0
55.009069999999994 82.93642491127451 0
55.009069999999994 82.93644057920858 0
55.009069999999994 82.93645624714264 0
55.009069999999994 82.93647191507671 0
55.009069999999994 82.93648758301077 0
55.009069999999994 82.93650325094484 0
55.009069999999994 82.9365189188789 0
55.009069999999994 82.93653458681297 0
55.009069999999994 82.93655025474703 0
55.009069999999994 82.9365659226811 0
55.009069999999994 82.93658159061516 0
55.009069999999994 82.93659725854923 0
55.009069999999994 82.93661292648329 0
55.009069999999994 82.93662859441736 0
55.009069999999994 82.93664426235142 0
55.009069999999994 82.93665993028549 0
55.009069999999994 82.93667559821955 0
55.009069999999994 82.93669126615362 0
55.009069999999994 82.93670693408768 0
55.009069999999994 82.93672260202175 0
55.009069999999994 82.93673826995581 0
55.009069999999994 82.93675393788988 0
55.009069999999994 82.93676960582394 0
55.009069999999994 82.936785273758 0
55.009069999999994 82.93680094169207 0
55.009069999999994 82.93681660962613 0
55.009069999999994 82.9368322775602 0
55.009069999999994 82.93684794549426 0
55.009069999999994 82.93686361342833 0
55.009069999999994 82.9368792813624 0
55.009069999999994 82.93689494929646 0
55.009069999999994 82.93691061723052 0
55.009069999999994 82.93692628516459 0
55.009069999999994 82.93694195309865 0
55.009069999999994 82.93695762103272 0
55.009069999999994 82.93697328896678 0
55.009069999999994 82.93698895690085 0
55.009069999999994 82.93700462483491 0
55.009069999999994 82.93702029276898 0
55.009069999999994 82.93703596070304 0
55.009069999999994 82.93705162863711 0
55.009069999999994 82.93706729657117 0
55.009069999999994 82.93708296450524 0
55.009069999999994 82.9370986324393 0
55.009069999999994 82.93711430037337 0
55.009069999999994 82.93712996830743 0
55.009069999999994 82.9371456362415 0
55.009069999999994 82.93716130417556 0
55.009069999999994 82.93717697210963 0
55.009069999999994 82.93719264004369 0
55.009069999999994 82.93720830797776 0
55.009069999999994 82.93722397591182 0
55.009069999999994 82.93723964384588 0
55.009069999999994 82.93725531177995 0
55.009069999999994 82.93727097971401 0
55.009069999999994 82.93728664764808 0
55.009069999999994 82.93730231558214 0
55.009069999999994 82.93731798351621 0
55.009069999999994 82.93733365145027 0
55.009069999999994 82.93734931938434 0
55.009069999999994 82.9373649873184 0
55.009069999999994 82.93738065525247 0
55.009069999999994 82.93739632318653 0
55.009069999999994 82.9374119911206 0
55.009069999999994 82.93742765905466 0
55.009069999999994 82.93744332698873 0
55.009069999999994 82.93745899492279 0
55.009069999999994 82.93747466285686 0
55.009069999999994 82.93749033079092 0
55.009069999999994 82.93750599872499 0
55.009069999999994 82.93752166665905 0
55.009069999999994 82.93753733459312 0
55.009069999999994 82.93755300252718 0
55.009069999999994 82.93756867046125 0
55.009069999999994 82.93758433839531 0
55.009069999999994 82.93760000632938 0
55.009069999999994 82.93761567426344 0
55.009069999999994 82.9376313421975 0
55.009069999999994 82.93764701013157 0
55.009069999999994 82.93766267806564 0
55.009069999999994 82.9376783459997 0
55.009069999999994 82.93769401393376 0
55.009069999999994 82.93770968186783 0
55.009069999999994 82.9377253498019 0
55.009069999999994 82.93774101773596 0
55.009069999999994 82.93775668567002 0
55.009069999999994 82.93777235360409 0
55.009069999999994 82.93778802153815 0
55.009069999999994 82.93780368947222 0
55.009069999999994 82.93781935740628 0
55.009069999999994 82.93783502534035 0
55.009069999999994 82.93785069327441 0
55.009069999999994 82.93786636120848 0
55.009069999999994 82.93788202914254 0
55.009069999999994 82.93789769707661 0
55.009069999999994 82.93791336501067 0
55.009069999999994 82.93792903294474 0
55.009069999999994 82.9379447008788 0
55.009069999999994 82.93796036881287 0
55.009069999999994 82.93797603674693 0
55.009069999999994 82.937991704681 0
55.009069999999994 82.93800737261506 0
55.009069999999994 82.93802304054913 0
55.009069999999994 82.93803870848319 0
55.009069999999994 82.93805437641726 0
55.009069999999994 82.93807004435132 0
55.009069999999994 82.93808571228539 0
55.009069999999994 82.93810138021945 0
55.009069999999994 82.93811704815352 0
55.009069999999994 82.93813271608758 0
55.009069999999994 82.93814838402164 0
55.009069999999994 82.93816405195571 0
55.009069999999994 82.93817971988977 0
55.009069999999994 82.93819538782384 0
55.009069999999994 82.9382110557579 0
55.009069999999994 82.93822672369197 0
55.009069999999994 82.93824239162603 0
55.009069999999994 82.9382580595601 0
55.009069999999994 82.93827372749416 0
55.009069999999994 82.93828939542823 0
55.009069999999994 82.9383050633623 0
55.009069999999994 82.93832073129636 0
55.009069999999994 82.93833639923042 0
55.009069999999994 82.93835206716449 0
55.009069999999994 82.93836773509855 0
55.009069999999994 82.93838340303262 0
55.009069999999994 82.93839907096668 0
55.009069999999994 82.93841473890075 0
55.009069999999994 82.93843040683481 0
55.009069999999994 82.93844607476888 0
55.009069999999994 82.93846174270294 0
55.009069999999994 82.938477410637 0
55.009069999999994 82.93849307857107 0
55.009069999999994 82.93850874650514 0
55.009069999999994 82.9385244144392 0
55.009069999999994 82.93854008237327 0
55.009069999999994 82.93855575030733 0
55.009069999999994 82.9385714182414 0
55.009069999999994 82.93858708617546 0
55.009069999999994 82.93860275410952 0
55.009069999999994 82.93861842204359 0
55.009069999999994 82.93863408997765 0
55.009069999999994 82.93864975791172 0
55.009069999999994 82.93866542584578 0
55.009069999999994 82.93868109377985 0
55.009069999999994 82.93869676171391 0
55.009069999999994 82.93871242964798 0
55.009069999999994 82.93872809758204 0
55.009069999999994 82.93874376551611 0
55.009069999999994 82.93875943345017 0
55.009069999999994 82.93877510138424 0
55.009069999999994 82.9387907693183 0
55.009069999999994 82.93880643725237 0
55.009069999999994 82.93882210518643 0
55.009069999999994 82.9388377731205 0
55.009069999999994 82.93885344105456 0
55.009069999999994 82.93886910898863 0
55.009069999999994 82.93888477692269 0
55.009069999999994 82.93890044485676 0
55.009069999999994 82.93891611279082 0
55.009069999999994 82.93893178072489 0
55.009069999999994 82.93894744865895 0
55.009069999999994 82.93896311659302 0
55.009069999999994 82.93897878452708 0
55.009069999999994 82.93899445246115 0
55.009069999999994 82.93901012039521 0
55.009069999999994 82.93902578832927 0
55.009069999999994 82.93904145626334 0
55.009069999999994 82.9390571241974 0
55.009069999999994 82.93907279213147 0
55.009069999999994 82.93908846006553 0
55.009069999999994 82.9391041279996 0
55.009069999999994 82.93911979593366 0
55.009069999999994 82.93913546386773 0
55.009069999999994 82.9391511318018 0
55.009069999999994 82.93916679973586 0
55.009069999999994 82.93918246766992 0
55.009069999999994 82.93919813560399 0
55.009069999999994 82.93921380353805 0
55.009069999999994 82.93922947147212 0
55.009069999999994 82.93924513940618 0
55.009069999999994 82.93926080734025 0
55.009069999999994 82.93927647527431 0
55.009069999999994 82.93929214320838 0
55.009069999999994 82.93930781114244 0
55.009069999999994 82.9393234790765 0
55.009069999999994 82.93933914701057 0
55.009069999999994 82.93935481494464 0
55.009069999999994 82.9393704828787 0
55.009069999999994 82.93938615081277 0
55.009069999999994 82.93940181874683 0
55.009069999999994 82.9394174866809 0
55.009069999999994 82.93943315461496 0
55.009069999999994 82.93944882254902 0
55.009069999999994 82.93946449048309 0
55.009069999999994 82.93948015841715 0
55.009069999999994 82.93949582635122 0
55.009069999999994 82.93951149428528 0
55.009069999999994 82.93952716221935 0
55.009069999999994 82.93954283015341 0
55.009069999999994 82.93955849808748 0
55.009069999999994 82.93957416602154 0
55.009069999999994 82.93958983395561 0
55.009069999999994 82.93960550188967 0
55.009069999999994 82.93962116982374 0
55.009069999999994 82.9396368377578 0
55.009069999999994 82.93965250569187 0
55.009069999999994 82.93966817362593 0
55.009069999999994 82.93968384156 0
55.009069999999994 82.93969950949406 0
55.009069999999994 82.93971517742813 2 
55.009069999999994 82.93973084536219 2 
55.009069999999994 82.93974651329626 2 
55.009069999999994 82.93976218123032 2 
55.009069999999994 82.93977784916439 2 
55.009069999999994 82.93979351709845 2 
55.009069999999994 82.93980918503252 2 
55.009069999999994 82.93982485296658 2 
55.009069999999994 82.93984052090065 2 
55.009069999999994 82.93985618883471 2 
55.009069999999994 82.93987185676878 2 
55.009069999999994 82.93988752470284 2 
55.009069999999994 82.9399031926369 2 
55.009069999999994 82.93991886057097 2 
55.009069999999994 82.93993452850503 2 
55.009069999999994 82.9399501964391 2 
55.009069999999994 82.93996586437316 2 
55.009069999999994 82.93998153230723 2 
55.009069999999994 82.9399972002413 2 
55.009069999999994 82.94001286817536 2 
55.009069999999994 82.94002853610942 2 
55.009069999999994 82.94004420404349 2 
55.009069999999994 82.94005987197755 2 
55.009069999999994 82.94007553991162 2 
55.009069999999994 82.94009120784568 2 
55.009069999999994 82.94010687577975 2 
55.009069999999994 82.94012254371381 2 
55.009069999999994 82.94013821164788 2 
55.009069999999994 82.94015387958194 2 
55.009069999999994 82.940169547516 2 
55.009069999999994 82.94018521545007 2 
55.009069999999994 82.94020088338414 2 
55.009069999999994 82.9402165513182 2 
55.009069999999994 82.94023221925227 2 
55.009069999999994 82.94024788718633 0
55.009069999999994 82.9402635551204 0
55.009069999999994 82.94027922305446 0
55.009069999999994 82.94029489098853 0
55.009069999999994 82.94031055892259 0
